1	18t Crane Lorry	0,1,2,3,4,5,6,7,8,9,10,11,12,13,14,15,16,24,25,26,27,28,29,31,32,33,34,50,51,52,53
2	18t Tipper - Daf	0,1,2,3,4,5,6,7,8,9,10,11,12,13,14,15,16,24,25,26,27,28,29,31,32,33,34,35,36,37,38,39,40,41,42,43,44,45,50,51,52,53
3	18t Tipper - Volvo	0,1,2,3,4,5,6,7,8,9,10,11,12,13,14,15,16,24,25,26,27,28,29,31,32,33,34,35,36,37,38,39,40,41,42,43,44,45,50,51,52,53
4	4x4 - Defender 110	0,1,3,4,5,8,9,10,11,13,24,25,26,27,28,29,31,32,33,34,35,36,37,38,39,40,41,42,43,44,45,50,51,52,53
5	4x4 - Defender 90	0,1,3,4,5,8,9,10,11,13,24,25,26,27,28,29,31,32,33,34,35,36,37,38,39,40,41,42,43,44,45,50,51,52,53
6	4x4 - Discovery Car	0,1,3,4,5,8,9,10,11,13,24,25,26,27,28,29,31,32,33,34,35,36,37,38,39,40,41,42,43,44,45,50,51,52,53
7	4x4 - Landcruiser	0,1,3,4,5,8,9,10,11,13,24,25,26,27,28,29,31,32,33,34,35,36,37,38,39,40,41,42,43,44,45,50,51,52,53
8	4x4 - Range Rover	0,1,3,4,5,8,9,10,11,13,24,25,26,27,28,29,31,32,33,34,35,36,37,38,39,40,41,42,43,44,45,50,51,52,53
9	6x2 Daf Artic	0,1,2,3,4,5,6,7,8,9,10,11,12,13,14,15,16,18,19,20,21,24,25,26,27,28,29,31,32,33,34,35,36,37,38,39,40,41,42,43,44,45,50,51,52,53
10	6x2 Volvo Artic	0,1,2,3,4,5,6,7,8,9,10,11,12,13,14,15,16,18,19,20,21,24,25,26,27,28,29,31,32,33,34,35,36,37,38,39,40,41,42,43,44,45,50,51,52,53
11	7.5t Asphalt - Iveco	0,1,2,3,4,5,6,7,8,9,10,11,12,13,14,15,16,24,25,26,27,28,29,31,32,33,34,35,36,37,38,39,40,41,42,43,44,45,50,51,52,53
12	7.5t Box - Isuzu	0,1,2,3,4,5,6,7,8,9,10,11,12,13,14,15,16,24,25,26,27,28,29,31,32,33,34,35,36,37,38,39,40,41,42,43,44,45,50,51,52,53
13	7.5t Box - Iveco	0,1,2,3,4,5,6,7,8,9,10,11,12,13,14,15,16,24,25,26,27,28,29,31,32,33,34,35,36,37,38,39,40,41,42,43,44,45,50,51,52,53
14	7.5t Dropside - Isuzu	0,1,2,3,4,5,6,7,8,9,10,11,12,13,14,15,16,24,25,26,27,28,29,31,32,33,34,35,36,37,38,39,40,41,42,43,44,45,50,51,52,53
15	7.5t Tipper - Daf	0,1,2,3,4,5,6,7,8,9,10,11,12,13,14,15,16,24,25,26,27,28,29,31,32,33,34,35,36,37,38,39,40,41,42,43,44,45,50,51,52,53
16	7.5t Tipper - Isuzu V	0,1,2,3,4,5,6,7,8,9,10,11,12,13,14,15,16,24,25,26,27,28,29,31,32,33,34,35,36,37,38,39,40,41,42,43,44,45,50,51,52,53
17	7.5t Tipper - Isuzu VI	0,1,2,3,4,5,6,7,8,9,10,11,12,13,14,15,16,24,25,26,27,28,29,31,32,33,34,35,36,37,38,39,40,41,42,43,44,45,50,51,52,53
18	8x2 Beavertail	0,1,2,3,4,5,6,7,8,9,10,11,12,13,14,15,16,17,18,19,20,21,22,23,24,25,26,27,28,29,31,32,33,34,35,36,37,38,39,40,41,42,43,44,45,50,51,52,53
19	8x4 Tipper Grab - Arocs	0,1,2,3,4,5,6,7,8,9,10,11,12,13,14,15,16,17,18,19,20,21,22,23,24,25,26,27,28,29,31,32,33,34,35,36,37,38,39,40,41,42,43,44,45,50,51,52,53
20	8x4 Tipper Grab - Daf	0,1,2,3,4,5,6,7,8,9,10,11,12,13,14,15,16,17,18,19,20,21,22,23,24,25,26,27,28,29,31,32,33,34,35,36,37,38,39,40,41,42,43,44,45,50,51,52,53
21	8x4 Tipper Grab - Econic	0,1,2,3,4,5,6,7,8,9,10,11,12,13,14,15,16,17,18,19,20,21,22,23,24,25,26,27,28,29,31,32,33,34,35,36,37,38,39,40,41,42,43,44,45,50,51,52,53
22	8x4 Tipper Grab - Volvo	0,1,2,3,4,5,6,7,8,9,10,11,12,13,14,15,16,17,18,19,20,21,22,23,24,25,26,27,28,29,31,32,33,34,35,36,37,38,39,40,41,42,43,44,45,50,51,52,53
23	Car - Citreon	0,1,3,4,5,8,9,10,11,13,24,25,26,27,28,29,31,32,33,34,35,36,37,38,39,40,41,42,43,44,45,50,51,52,53
24	Car - Clio	0,1,3,4,5,8,9,10,11,13,24,25,26,27,28,29,31,32,33,34,35,36,37,38,39,40,41,42,43,44,45,50,51,52,53
25	Car - e208	0,1,3,4,5,8,9,10,11,13,24,25,26,27,28,29,31,32,33,34,35,36,37,38,39,40,41,42,43,44,45,50,51,52,53
26	Car - eGolf	0,1,3,4,5,8,9,10,11,13,24,25,26,27,28,29,31,32,33,34,35,36,37,38,39,40,41,42,43,44,45,50,51,52,53
27	Car - Fiat	0,1,3,4,5,8,9,10,11,13,24,25,26,27,28,29,31,32,33,34,35,36,37,38,39,40,41,42,43,44,45,50,51,52,53
28	Car - Focus	0,1,3,4,5,8,9,10,11,13,24,25,26,27,28,29,31,32,33,34,35,36,37,38,39,40,41,42,43,44,45,50,51,52,53
29	Car - Polestar	0,1,3,4,5,8,9,10,11,13,24,25,26,27,28,29,31,32,33,34,35,36,37,38,39,40,41,42,43,44,45,50,51,52,53
30	Car - Rav 4	0,1,3,4,5,8,9,10,11,13,24,25,26,27,28,29,31,32,33,34,35,36,37,38,39,40,41,42,43,44,45,50,51,52,53
31	Car - Taycan	0,1,3,4,5,8,9,10,11,13,24,25,26,27,28,29,31,32,33,34,35,36,37,38,39,40,41,42,43,44,45,50,51,52,53
32	Car - Tesla	0,1,3,4,5,8,9,10,11,13,24,25,26,27,28,29,31,32,33,34,35,36,37,38,39,40,41,42,43,44,45,50,51,52,53
33	Car - VW ID3	0,1,3,4,5,8,9,10,11,13,24,25,26,27,28,29,31,32,33,34,35,36,37,38,39,40,41,42,43,44,45,50,51,52,53
34	Daf Sweeper	0,1,2,3,4,5,6,7,8,9,10,11,12,13,14,15,16,22,23,24,25,26,27,28,29,31,32,33,34,35,36,37,38,39,40,41,42,43,44,45,50,51,52,53
35	Dropside Van - Mercedes	0,1,2,3,4,5,6,7,8,9,10,11,12,13,14,15,24,25,26,27,28,29,31,32,33,34,35,36,37,38,39,40,41,42,43,44,45,50,51,52,53
36	Dumper 1.5t - Wacker	0,1,2,3,4,5,6,7,8,9,10,11,12,13,14,15,16,17,18,19,20,21,22,23,24,25,26,27,28,29,31,32,33,34,35,36,37,38,39,40,41,42,43,44,45,50,51,52,53
37	Dumper 3t - JCB	0,1,2,3,4,5,6,7,8,9,10,11,12,13,14,15,16,17,18,19,20,21,22,23,24,25,26,27,28,29,31,32,33,34,35,36,37,38,39,40,41,42,43,44,45,50,51,52,53
38	Dumper 3t - Thwaites	0,1,2,3,4,5,6,7,8,9,10,11,12,13,14,15,16,17,18,19,20,21,22,23,24,25,26,27,28,29,31,32,33,34,35,36,37,38,39,40,41,42,43,44,45,50,51,52,53
39	Dumper 6t - Thwaites	0,1,2,3,4,5,6,7,8,9,10,11,12,13,14,15,16,17,18,19,20,21,22,23,24,25,26,27,28,29,31,32,33,34,35,36,37,38,39,40,41,42,43,44,45,50,51,52,53
40	Hotbox - Daf	0,1,2,3,4,5,6,7,8,9,10,11,12,13,14,15,16,24,25,26,27,28,29,31,32,33,34,35,36,37,38,39,40,41,42,43,44,45,50,51,52,53
41	JCB - Loadall  531-70	0,1,2,3,4,5,6,7,8,9,10,11,12,13,14,15,16,17,18,19,20,21,22,23,24,25,26,27,28,29,31,32,33,34,35,36,37,38,39,40,41,42,43,44,45,50,51,52,53
42	JCB - Loadall  535-95	0,1,2,3,4,5,6,7,8,9,10,11,12,13,14,15,16,17,18,19,20,21,22,23,24,25,26,27,28,29,31,32,33,34,35,36,37,38,39,40,41,42,43,44,45,50,51,52,53
43	JCB - Loadall  540-140	0,1,2,3,4,5,6,7,8,9,10,11,12,13,14,15,16,17,18,19,20,21,22,23,24,25,26,27,28,29,31,32,33,34,35,36,37,38,39,40,41,42,43,44,45,50,51,52,53
44	Jetwash Van	0,1,2,3,4,5,6,7,8,9,10,11,12,13,14,15,16,22,23,24,25,26,27,28,29,31,32,33,34,35,36,37,38,39,40,41,42,43,44,45,50,51,52,53
45	John Deer 5100R	0,1,2,3,4,5,6,7,8,9,10,11,12,13,14,15,16,17,18,19,20,21,22,23,24,25,26,27,28,29,31,32,33,34,35,36,37,38,39,40,41,42,43,44,45,50,51,52,53
46	Merc Sweeper	0,1,2,3,4,5,6,7,8,9,10,11,12,13,14,15,16,22,23,24,25,26,27,28,29,31,32,33,34,35,36,37,38,39,40,41,42,43,44,45,50,51,52,53
47	Panel Van - Crafter	0,1,2,3,4,5,6,7,8,9,10,11,12,13,14,15,24,25,26,27,28,29,31,32,33,34,35,36,37,38,39,40,41,42,43,44,45,50,51,52,53
48	Panel Van - Sprinter	0,1,2,3,4,5,6,7,8,9,10,11,12,13,14,15,24,25,26,27,28,29,31,32,33,34,35,36,37,38,39,40,41,42,43,44,45,50,51,52,53
49	Panel Van - Sprinter Crew	0,1,2,3,4,5,6,7,8,9,10,11,12,13,14,15,24,25,26,27,28,29,31,32,33,34,35,36,37,38,39,40,41,42,43,44,45,50,51,52,53
50	Panel Van - Transit	0,1,2,3,4,5,6,7,8,9,10,11,12,13,14,15,24,25,26,27,28,29,31,32,33,34,35,36,37,38,39,40,41,42,43,44,45,50,51,52,53
51	Pick Up 4x4 - Discovery Comm 4	0,1,3,4,5,8,9,10,11,13,24,25,26,27,28,29,31,32,33,34,35,36,37,38,39,40,41,42,43,44,45,50,51,52,53
52	Pick Up 4x4 - Discovery Comm 5	0,1,3,4,5,8,9,10,11,13,24,25,26,27,28,29,31,32,33,34,35,36,37,38,39,40,41,42,43,44,45,50,51,52,53
53	Pick Up 4x4 - Hilux	0,1,3,4,5,8,9,10,11,13,24,25,26,27,28,29,31,32,33,34,35,36,37,38,39,40,41,42,43,44,45,50,51,52,53
54	Pick Up 4x4 - Invincible	0,1,3,4,5,8,9,10,11,13,24,25,26,27,28,29,31,32,33,34,35,36,37,38,39,40,41,42,43,44,45,50,51,52,53
55	Pick Up 4x4 - L200	0,1,3,4,5,8,9,10,11,13,24,25,26,27,28,29,31,32,33,34,35,36,37,38,39,40,41,42,43,44,45,50,51,52,53
56	Pick Up 4x4 - Ranger	0,1,3,4,5,8,9,10,11,13,24,25,26,27,28,29,31,32,33,34,35,36,37,38,39,40,41,42,43,44,45,50,51,52,53
57	Small Van Berlingo	0,1,3,4,5,8,9,10,11,13,24,25,26,27,28,29,31,32,33,34,35,36,37,38,39,40,41,42,43,44,45,50,51,52,53
58	Small Van Citan	0,1,3,4,5,8,9,10,11,13,24,25,26,27,28,29,31,32,33,34,35,36,37,38,39,40,41,42,43,44,45,50,51,52,53
59	Small Van Combo	0,1,3,4,5,8,9,10,11,13,24,25,26,27,28,29,31,32,33,34,35,36,37,38,39,40,41,42,43,44,45,50,51,52,53
60	Small Van Fiesta	0,1,3,4,5,8,9,10,11,13,24,25,26,27,28,29,31,32,33,34,35,36,37,38,39,40,41,42,43,44,45,50,51,52,53
61	Small Van Merc Vito	0,1,3,4,5,8,9,10,11,13,24,25,26,27,28,29,31,32,33,34,35,36,37,38,39,40,41,42,43,44,45,50,51,52,53
62	Small Van Partner	0,1,3,4,5,8,9,10,11,13,24,25,26,27,28,29,31,32,33,34,35,36,37,38,39,40,41,42,43,44,45,50,51,52,53
63	Small Van Proace	0,1,3,4,5,8,9,10,11,13,24,25,26,27,28,29,31,32,33,34,35,36,37,38,39,40,41,42,43,44,45,50,51,52,53
64	Small Van Proace City	0,1,3,4,5,8,9,10,11,13,24,25,26,27,28,29,31,32,33,34,35,36,37,38,39,40,41,42,43,44,45,50,51,52,53
65	Small Van Transit Connect	0,1,3,4,5,8,9,10,11,13,24,25,26,27,28,29,31,32,33,34,35,36,37,38,39,40,41,42,43,44,45,50,51,52,53
66	Small Van VW Caddy	0,1,3,4,5,8,9,10,11,13,24,25,26,27,28,29,31,32,33,34,35,36,37,38,39,40,41,42,43,44,45,50,51,52,53
67	Small Van VW Transporter	0,1,3,4,5,8,9,10,11,13,24,25,26,27,28,29,31,32,33,34,35,36,37,38,39,40,41,42,43,44,45,50,51,52,53
68	Trailer - Fruehauf	0,1,2,3,4,5,6,7,8,9,10,11,12,13,14,15,16,17,18,19,20,21,22,23,24,25,26,27,28,29,31,32,33,34,35,36,37,38,39,40,41,42,43,44,45,50,51,52,53
69	Trailer - Kelberg	0,1,2,3,4,5,6,7,8,9,10,11,12,13,14,15,16,17,18,19,20,21,22,23,24,25,26,27,28,29,31,32,33,34,35,36,37,38,39,40,41,42,43,44,45,50,51,52,53
70	Trailer - Tankers	0,1,2,3,4,5,6,7,8,9,10,11,12,13,14,15,16,17,18,19,20,21,22,23,24,25,26,27,28,29,31,32,33,34,35,36,37,38,39,40,41,42,43,44,45,50,51,52,53
71	Vac Ex - Mercedess Actros	0,1,2,3,4,5,6,7,8,9,10,11,12,13,14,15,16,17,18,19,20,21,22,23,24,25,26,27,28,29,31,32,33,34,35,36,37,38,39,40,41,42,43,44,45,50,51,52,53
72	JetVac - Fuso 7.5t	0,1,2,3,4,5,6,7,8,9,10,11,12,13,14,15,16,22,23,24,25,26,27,28,29,31,32,33,34,35,36,37,38,39,40,41,42,43,44,45,50,51,52,53